encog,BasicNetwork,java,3.4.0,1,1614763071094
[BASIC]
[BASIC:PARAMS]
[BASIC:NETWORK]
beginTraining=0
connectionLimit=0
contextTargetOffset=0,0,0
contextTargetSize=0,0,0
endTraining=2
hasContext=f
inputCount=2
layerCounts=1,4,3
layerFeedCounts=1,3,2
layerContextCount=0,0,0
layerIndex=0,1,5
output=0.1041549871,0.985023474,0.9947537788,1,1,1,1,1
outputCount=1
weightIndex=0,4,13
weights=-4.6783676625,7.234433495,-4.6242860514,-0.1157794086,-2.6445225352,6.59001359,0.2406903726,2.6909813708,2.7151303603,-0.1611245381,255.7775359625,-3.6057582445,0.6859989537
biasActivation=0,1,1
[BASIC:ACTIVATION]
"org.encog.engine.network.activation.ActivationSigmoid"
"org.encog.engine.network.activation.ActivationSigmoid"
"org.encog.engine.network.activation.ActivationLinear"
